100 1 393 0 0 0 12 0
200 1 391 0 0 0 12 0
300 1 391 0 0 0 12 0
400 1 389 0 0 0 12 0
500 1 389 0 0 0 12 0
600 1 389 0 0 0 12 0
700 1 385 0 0 0 12 0
800 1 381 0 0 0 12 0
900 1 380 0 0 0 12 0
1000 1 379 0 0 0 12 0
1100 1 384 0 0 0 12 0
1200 1 381 0 0 0 12 0
1300 1 381 0 0 0 12 0
1400 1 381 0 0 0 12 0
1500 1 380 0 0 0 12 0
1600 1 378 0 0 0 12 0
1700 1 378 0 0 0 12 0
1800 1 377 0 0 0 12 0
1900 1 376 0 0 0 12 0
2000 1 375 0 0 0 12 0
2100 1 374 0 0 0 12 0
2200 1 380 0 0 0 12 0
2300 1 380 0 0 0 12 0
2400 1 378 0 0 1 11 0
2500 1 378 0 0 1 11 0
2600 1 377 0 0 1 11 0
2700 1 377 0 0 1 11 0
2800 1 377 0 0 1 11 0
2900 1 376 0 0 1 11 0
3000 1 375 0 0 1 11 0
3100 1 375 0 0 1 11 0
3200 1 374 0 0 1 11 0
3300 1 380 0 0 1 11 0
3400 1 380 0 0 1 11 0
3500 1 379 0 0 1 11 0
3600 1 379 0 0 1 11 0
3700 1 379 0 0 1 11 0
3800 1 379 0 0 1 11 0
3900 1 378 0 0 1 11 0
4000 1 378 0 0 1 11 0
4100 1 377 0 0 1 11 0
4200 1 373 0 0 1 11 0
4300 1 372 0 0 1 11 0
4400 1 377 0 0 1 11 0
4500 1 377 0 0 1 11 0
4600 1 376 0 0 1 11 0
4700 1 376 0 0 1 11 0
4800 1 376 0 0 1 11 0
4900 1 376 0 0 1 11 0
5000 1 375 0 0 1 11 0
5100 1 375 0 0 1 11 0
5200 1 375 0 0 1 11 0
5300 1 373 0 0 2 10 0
5400 1 378 0 0 2 10 0
5500 1 377 0 0 2 10 0
5600 1 376 0 0 2 10 0
5700 1 375 0 0 2 10 0
5800 1 375 0 0 2 10 0
5900 1 375 0 0 2 10 0
6000 1 375 0 0 2 10 0
6100 1 373 0 0 2 10 0
6200 1 371 0 0 2 10 0
6300 1 370 0 0 2 10 0
6400 1 370 0 0 2 10 0
6500 1 375 0 0 2 10 0
6600 1 374 0 0 2 10 0
6700 1 373 0 0 2 10 0
6800 1 373 0 0 2 10 0
6900 1 373 0 0 2 10 0
7000 1 373 0 0 2 10 0
7100 1 373 0 0 2 10 0
7200 1 373 0 0 2 10 0
7300 1 372 0 0 2 10 0
7400 1 371 0 0 2 10 0
7500 1 371 0 0 2 10 0
7600 1 377 0 0 2 10 0
7700 1 377 0 0 2 10 0
7800 1 377 0 0 2 10 0
7900 1 377 0 0 2 10 0
8000 1 377 0 0 2 10 0
8100 1 376 0 0 2 10 0
8200 1 375 0 0 2 10 0
8300 1 374 0 0 2 10 0
8400 1 373 0 0 2 10 0
8500 1 373 0 0 2 10 0
8600 1 372 0 0 2 10 0
8700 1 377 0 0 2 10 0
8800 1 375 0 0 2 10 0
8900 1 375 0 0 2 10 0
9000 1 373 0 0 2 10 0
9100 1 372 0 0 2 10 0
9200 1 371 0 0 2 10 0
9300 1 371 0 0 2 10 0
9400 1 371 0 0 2 10 0
9500 1 370 0 0 2 10 0
9600 1 370 0 0 2 10 0
9700 1 376 0 0 2 10 0
9800 1 376 0 0 2 10 0
9900 1 376 0 0 2 10 0
10000 1 376 0 0 2 10 0
10100 1 375 0 0 2 10 0
10200 1 374 0 0 2 10 0
10300 1 374 0 0 2 10 0
10400 1 374 0 0 2 10 0
10500 1 374 0 0 2 10 0
10600 1 374 0 0 2 10 0
10700 1 374 0 0 2 10 0
10800 1 380 0 0 2 10 0
10900 1 380 0 0 2 10 0
11000 1 380 0 0 2 10 0
11100 1 380 0 0 2 10 0
11200 1 380 0 0 2 10 0
11300 1 380 0 0 2 10 0
11400 1 380 0 0 2 10 0
11500 1 380 0 0 2 10 0
11600 1 379 0 0 2 10 0
11700 1 378 0 0 3 9 0
11800 1 377 0 0 3 9 0
11900 1 383 0 0 3 9 0
12000 1 382 0 0 3 9 0
12100 1 382 0 0 3 9 0
12200 1 380 0 0 3 9 0
12300 1 379 0 0 3 9 0
12400 1 379 0 0 3 9 0
12500 1 379 0 0 3 9 0
12600 1 379 0 0 3 9 0
12700 1 379 0 0 3 9 0
12800 1 379 0 0 3 9 0
12900 1 379 0 0 3 9 0
13000 1 385 0 0 3 9 0
13100 1 383 0 0 4 8 0
13200 1 382 0 0 4 8 0
13300 1 382 0 0 4 8 0
13400 1 382 0 0 4 8 0
13500 1 382 0 0 4 8 0
13600 1 382 0 0 4 8 0
13700 1 381 0 0 4 8 0
13800 1 380 0 0 4 8 0
13900 1 379 0 0 4 8 0
14000 1 384 0 0 4 8 0
14100 1 381 0 0 4 8 0
14200 1 381 0 0 4 8 0
14300 1 381 0 0 4 8 0
14400 1 380 0 0 4 8 0
14500 1 379 0 0 4 8 0
14600 1 378 0 0 4 8 0
14700 1 378 0 0 4 8 0
14800 1 378 0 0 4 8 0
14900 1 378 0 0 4 8 0
15000 1 378 0 0 4 8 0
15100 1 381 0 0 4 8 0
15200 1 381 0 0 4 8 0
15300 1 381 0 0 4 8 0
15400 1 381 0 0 4 8 0
15500 1 381 0 0 4 8 0
15600 1 381 0 0 4 8 0
15700 1 380 0 0 4 8 0
15800 1 380 0 0 4 8 0
15900 1 380 0 0 4 8 0
16000 1 380 0 0 4 8 0
16100 1 380 0 0 4 8 0
16200 1 386 0 0 4 8 0
16300 1 386 0 0 4 8 0
16400 1 385 0 0 4 8 0
16500 1 384 0 0 4 8 0
16600 1 384 0 0 4 8 0
16700 1 383 0 0 4 8 0
16800 1 382 0 0 4 8 0
16900 1 379 0 0 4 8 0
17000 1 379 0 0 4 8 0
17100 1 379 0 0 4 8 0
17200 1 378 0 0 4 8 0
17300 1 381 0 0 5 7 0
17400 1 381 0 0 5 7 0
17500 1 380 0 0 5 7 0
17600 1 380 0 0 5 7 0
17700 1 379 0 0 5 7 0
17800 1 377 0 0 6 6 0
17900 1 377 0 0 6 6 0
18000 1 377 0 0 6 6 0
18100 1 376 0 0 6 6 0
18200 1 376 0 0 6 6 0
18300 1 381 0 0 6 6 0
18400 1 381 0 0 6 6 0
18500 1 380 0 0 6 6 0
18600 1 378 0 0 6 6 0
18700 1 378 0 0 6 6 0
18800 1 378 0 0 6 6 0
18900 1 378 0 0 6 6 0
19000 1 377 0 0 6 6 0
19100 1 377 0 0 6 6 0
19200 1 377 0 0 6 6 0
19300 1 377 0 0 6 6 0
19400 1 383 0 0 6 6 0
19500 1 382 0 0 6 6 0
19600 1 381 0 0 6 6 0
19700 1 381 0 0 6 6 0
19800 1 377 0 0 6 6 0
19900 1 377 0 0 6 6 0
20000 1 376 0 0 6 6 0
20100 1 375 0 0 6 6 0
20200 1 375 0 0 6 6 0
20300 1 375 0 0 6 6 0
20400 1 375 0 0 6 6 0
20500 1 381 0 0 6 6 0
20600 1 381 0 0 6 6 0
20700 1 380 0 0 6 6 0
20800 1 380 0 0 6 6 0
20900 1 380 0 0 6 6 0
21000 1 380 0 0 6 6 0
21100 1 380 0 0 6 6 0
21200 1 380 0 0 6 6 0
21300 1 379 0 0 6 6 0
21400 1 377 0 0 6 6 0
21500 1 377 0 0 6 6 0
21600 1 383 0 0 6 6 0
21700 1 383 0 0 6 6 0
21800 1 382 0 0 6 6 0
21900 1 382 0 0 6 6 0
22000 1 380 0 0 6 6 0
22100 1 379 0 0 6 6 0
22200 1 379 0 0 6 6 0
22300 1 379 0 0 6 6 0
22400 1 379 0 0 6 6 0
22500 1 379 0 0 6 6 0
22600 1 385 0 0 6 6 0
22700 1 384 0 0 6 6 0
22800 1 384 0 0 6 6 0
22900 1 384 0 0 6 6 0
23000 1 383 0 0 6 6 0
23100 1 383 0 0 6 6 0
23200 1 383 0 0 6 6 0
23300 1 383 0 0 6 6 0
23400 1 382 0 0 6 6 0
23500 1 381 0 0 6 6 0
23600 1 381 0 0 6 6 0
23700 1 387 0 0 6 6 0
23800 1 387 0 0 6 6 0
23900 1 387 0 0 6 6 0
24000 1 385 0 0 6 6 0
24100 1 385 0 0 6 6 0
24200 1 385 0 0 6 6 0
24300 1 385 0 0 6 6 0
24400 1 385 0 0 6 6 0
24500 1 385 0 0 6 6 0
24600 1 385 0 0 6 6 0
24700 1 385 0 0 6 6 0
24800 1 391 0 0 6 6 0
24900 1 390 0 0 6 6 0
25000 1 388 0 0 6 6 0
25100 1 388 0 0 6 6 0
25200 1 385 0 0 6 6 0
25300 1 384 0 0 6 6 0
25400 1 383 0 0 6 6 0
25500 1 383 0 0 6 6 0
25600 1 383 0 0 6 6 0
25700 1 382 0 0 7 5 0
25800 1 382 0 0 7 5 0
25900 1 388 0 0 7 5 0
26000 1 384 0 0 7 5 0
26100 1 383 0 0 7 5 0
26200 1 383 0 0 7 5 0
26300 1 382 0 0 7 5 0
26400 1 382 0 0 7 5 0
26500 1 382 0 0 7 5 0
26600 1 380 0 0 7 5 0
26700 1 377 0 0 7 5 0
26800 1 377 0 0 7 5 0
26900 1 379 0 0 7 5 0
27000 1 379 0 0 7 5 0
27100 1 379 0 0 7 5 0
27200 1 379 0 0 7 5 0
27300 1 379 0 0 7 5 0
27400 1 378 0 0 7 5 0
27500 1 378 0 0 7 5 0
27600 1 375 0 0 7 5 0
27700 1 375 0 0 7 5 0
27800 1 372 0 0 7 5 0
27900 1 370 0 0 7 5 0
28000 1 375 0 0 7 5 0
28100 1 375 0 0 7 5 0
28200 1 373 0 0 7 5 0
28300 1 373 0 0 7 5 0
28400 1 373 0 0 7 5 0
28500 1 373 0 0 7 5 0
28600 1 373 0 0 7 5 0
28700 1 373 0 0 7 5 0
28800 1 373 0 0 7 5 0
28900 1 373 0 0 7 5 0
29000 1 373 0 0 7 5 0
29100 1 379 0 0 7 5 0
29200 1 379 0 0 7 5 0
29300 1 379 0 0 7 5 0
29400 1 379 0 0 7 5 0
29500 1 379 0 0 7 5 0
29600 1 379 0 0 7 5 0
29700 1 377 0 0 7 5 0
29800 1 377 0 0 7 5 0
29900 1 376 0 0 7 5 0
30000 1 376 0 0 7 5 0
30100 1 374 0 0 7 5 0
30200 1 379 0 0 7 5 0
30300 1 376 0 0 7 5 0
30400 1 375 0 0 7 5 0
30500 1 375 0 0 7 5 0
30600 1 375 0 0 7 5 0
30700 1 375 0 0 7 5 0
30800 1 374 0 0 7 5 0
30900 1 373 0 0 7 5 0
31000 1 372 0 0 7 5 0
31100 1 372 0 0 7 5 0
31200 1 378 0 0 7 5 0
31300 1 378 0 0 7 5 0
31400 1 378 0 0 7 5 0
31500 1 377 0 0 7 5 0
31600 1 377 0 0 7 5 0
31700 1 377 0 0 7 5 0
31800 1 377 0 0 7 5 0
31900 1 377 0 0 7 5 0
32000 1 376 0 0 7 5 0
32100 1 376 0 0 7 5 0
32200 1 376 0 0 7 5 0
32300 1 382 0 0 7 5 0
32400 1 380 0 0 7 5 0
32500 1 380 0 0 7 5 0
32600 1 380 0 0 7 5 0
32700 1 379 0 0 7 5 0
32800 1 379 0 0 7 5 0
32900 1 377 0 0 7 5 0
33000 1 377 0 0 7 5 0
33100 1 377 0 0 7 5 0
33200 1 374 0 0 7 5 0
33300 1 373 0 0 7 5 0
33400 1 378 0 0 7 5 0
33500 1 378 0 0 7 5 0
33600 1 378 0 0 7 5 0
33700 1 378 0 0 7 5 0
33800 1 377 0 0 7 5 0
33900 1 377 0 0 7 5 0
34000 1 375 0 0 7 5 0
34100 1 373 0 0 7 5 0
34200 1 373 0 0 7 5 0
34300 1 373 0 0 7 5 0
34400 1 373 0 0 7 5 0
34500 1 377 0 0 7 5 0
34600 1 376 0 0 7 5 0
34700 1 376 0 0 7 5 0
34800 1 373 0 0 7 5 0
34900 1 372 0 0 7 5 0
35000 1 372 0 0 7 5 0
35100 1 372 0 0 7 5 0
35200 1 371 0 0 7 5 0
35300 1 371 0 0 7 5 0
35400 1 371 0 0 7 5 0
35500 1 377 0 0 7 5 0
35600 1 376 0 0 7 5 0
35700 1 376 0 0 7 5 0
35800 1 375 0 0 7 5 0
35900 1 375 0 0 7 5 0
36000 1 375 0 0 7 5 0
36100 1 374 0 0 7 5 0
36200 1 374 0 0 7 5 0
36300 1 374 0 0 7 5 0
36400 1 374 0 0 7 5 0
36500 1 373 0 0 7 5 0
36600 1 379 0 0 7 5 0
36700 1 379 0 0 7 5 0
36800 1 377 0 0 7 5 0
36900 1 377 0 0 7 5 0
37000 1 376 0 0 8 4 0
37100 1 376 0 0 8 4 0
37200 1 375 0 0 8 4 0
37300 1 375 0 0 8 4 0
37400 1 375 0 0 8 4 0
37500 1 375 0 0 8 4 0
37600 1 375 0 0 8 4 0
37700 1 381 0 0 8 4 0
37800 1 381 0 0 8 4 0
37900 1 381 0 0 8 4 0
38000 1 380 0 0 8 4 0
38100 1 380 0 0 8 4 0
38200 1 380 0 0 8 4 0
38300 1 378 0 0 8 4 0
38400 1 376 0 0 8 4 0
38500 1 375 0 0 8 4 0
38600 1 374 0 0 8 4 0
38700 1 374 0 0 8 4 0
38800 1 379 0 0 8 4 0
38900 1 379 0 0 8 4 0
39000 1 376 0 0 8 4 0
39100 1 376 0 0 8 4 0
39200 1 376 0 0 8 4 0
39300 1 376 0 0 8 4 0
39400 1 375 0 0 8 4 0
39500 1 374 0 0 8 4 0
39600 1 374 0 0 8 4 0
39700 1 374 0 0 8 4 0
39800 1 380 0 0 8 4 0
39900 1 379 0 0 8 4 0
40000 1 378 0 0 9 3 0
40100 1 378 0 0 9 3 0
40200 1 377 0 0 9 3 0
40300 1 377 0 0 9 3 0
40400 1 377 0 0 9 3 0
40500 1 377 0 0 9 3 0
40600 1 377 0 0 9 3 0
40700 1 376 0 0 9 3 0
40800 1 376 0 0 9 3 0
40900 1 382 0 0 9 3 0
41000 1 382 0 0 9 3 0
41100 1 382 0 0 9 3 0
41200 1 381 0 0 9 3 0
41300 1 379 0 0 9 3 0
41400 1 379 0 0 9 3 0
41500 1 378 0 0 9 3 0
41600 1 378 0 0 9 3 0
41700 1 378 0 0 9 3 0
41800 1 377 0 0 9 3 0
41900 1 377 0 0 9 3 0
42000 1 382 0 0 9 3 0
42100 1 381 0 0 9 3 0
42200 1 381 0 0 9 3 0
42300 1 380 0 0 9 3 0
42400 1 380 0 0 9 3 0
42500 1 380 0 0 9 3 0
42600 1 380 0 0 9 3 0
42700 1 380 0 0 9 3 0
42800 1 379 0 0 9 3 0
42900 1 379 0 0 9 3 0
43000 1 378 0 0 9 3 0
43100 1 384 0 0 9 3 0
43200 1 384 0 0 9 3 0
43300 1 383 0 0 9 3 0
43400 1 383 0 0 9 3 0
43500 1 383 0 0 9 3 0
43600 1 383 0 0 9 3 0
43700 1 381 0 0 9 3 0
43800 1 381 0 0 9 3 0
43900 1 380 0 0 9 3 0
44000 1 380 0 0 9 3 0
44100 1 386 0 0 9 3 0
44200 1 386 0 0 9 3 0
44300 1 386 0 0 9 3 0
44400 1 386 0 0 9 3 0
44500 1 386 0 0 9 3 0
44600 1 384 0 0 9 3 0
44700 1 384 0 0 9 3 0
44800 1 383 0 0 9 3 0
44900 1 381 0 0 9 3 0
45000 1 380 0 0 9 3 0
45100 1 380 0 0 9 3 0
45200 1 386 0 0 9 3 0
45300 1 385 0 0 9 3 0
45400 1 384 0 0 9 3 0
45500 1 382 0 0 9 3 0
45600 1 382 0 0 9 3 0
45700 1 382 0 0 9 3 0
45800 1 382 0 0 9 3 0
45900 1 381 0 0 9 3 0
46000 1 381 0 0 9 3 0
46100 1 380 0 0 9 3 0
46200 1 380 0 0 9 3 0
46300 1 385 0 0 9 3 0
46400 1 384 0 0 9 3 0
46500 1 384 0 0 9 3 0
46600 1 384 0 0 9 3 0
46700 1 383 0 0 9 3 0
46800 1 383 0 0 9 3 0
46900 1 382 0 0 9 3 0
47000 1 380 0 0 9 3 0
47100 1 379 0 0 10 2 0
47200 1 379 0 0 10 2 0
47300 1 378 0 0 10 2 0
47400 1 383 0 0 10 2 0
47500 1 381 0 0 10 2 0
47600 1 381 0 0 10 2 0
47700 1 381 0 0 10 2 0
47800 1 380 0 0 10 2 0
47900 1 380 0 0 10 2 0
48000 1 378 0 0 10 2 0
48100 1 378 0 0 10 2 0
48200 1 377 0 0 10 2 0
48300 1 376 0 0 10 2 0
48400 1 382 0 0 10 2 0
48500 1 381 0 0 10 2 0
48600 1 381 0 0 10 2 0
48700 1 381 0 0 10 2 0
48800 1 380 0 0 10 2 0
48900 1 378 0 0 10 2 0
49000 1 376 0 0 10 2 0
49100 1 376 0 0 10 2 0
49200 1 375 0 0 10 2 0
49300 1 375 0 0 10 2 0
49400 1 375 0 0 10 2 0
49500 1 380 0 0 10 2 0
49600 1 380 0 0 10 2 0
49700 1 380 0 0 10 2 0
49800 1 380 0 0 10 2 0
49900 1 380 0 0 10 2 0
50000 1 380 0 0 10 2 0
50100 1 378 0 0 10 2 0
50200 1 378 0 0 10 2 0
50300 1 378 0 0 10 2 0
50400 1 377 0 0 10 2 0
50500 1 377 0 0 10 2 0
50600 1 383 0 0 10 2 0
50700 1 383 0 0 10 2 0
50800 1 381 0 0 10 2 0
50900 1 381 0 0 10 2 0
51000 1 381 0 0 10 2 0
51100 1 380 0 0 10 2 0
51200 1 378 0 0 10 2 0
51300 1 377 0 0 10 2 0
51400 1 377 0 0 10 2 0
51500 1 377 0 0 10 2 0
51600 1 377 0 0 10 2 0
51700 1 383 0 0 10 2 0
51800 1 381 0 0 10 2 0
51900 1 381 0 0 10 2 0
52000 1 381 0 0 10 2 0
52100 1 381 0 0 10 2 0
52200 1 380 0 0 10 2 0
52300 1 379 0 0 10 2 0
52400 1 379 0 0 10 2 0
52500 1 378 0 0 10 2 0
52600 1 377 0 0 10 2 0
52700 1 383 0 0 10 2 0
52800 1 380 0 0 10 2 0
52900 1 380 0 0 10 2 0
53000 1 379 0 0 10 2 0
53100 1 379 0 0 10 2 0
53200 1 378 0 0 10 2 0
53300 1 378 0 0 10 2 0
53400 1 377 0 0 10 2 0
53500 1 377 0 0 10 2 0
53600 1 377 0 0 10 2 0
53700 1 377 0 0 10 2 0
53800 1 382 0 0 10 2 0
53900 1 382 0 0 10 2 0
54000 1 381 0 0 10 2 0
54100 1 381 0 0 10 2 0
54200 1 381 0 0 10 2 0
54300 1 381 0 0 10 2 0
54400 1 381 0 0 10 2 0
54500 1 380 0 0 10 2 0
54600 1 380 0 0 10 2 0
54700 1 380 0 0 10 2 0
54800 1 380 0 0 10 2 0
54900 1 386 0 0 10 2 0
55000 1 385 0 0 10 2 0
55100 1 385 0 0 10 2 0
55200 1 383 0 0 10 2 0
55300 1 382 0 0 10 2 0
55400 1 382 0 0 10 2 0
55500 1 382 0 0 10 2 0
55600 1 382 0 0 10 2 0
55700 1 381 0 0 10 2 0
55800 1 381 0 0 10 2 0
55900 1 381 0 0 10 2 0
56000 1 387 0 0 10 2 0
56100 1 387 0 0 10 2 0
56200 1 385 0 0 10 2 0
56300 1 385 0 0 10 2 0
56400 1 384 0 0 10 2 0
56500 1 384 0 0 10 2 0
56600 1 384 0 0 10 2 0
56700 1 383 0 0 10 2 0
56800 1 382 0 0 10 2 0
56900 1 381 0 0 10 2 0
57000 1 387 0 0 10 2 0
57100 1 387 0 0 10 2 0
57200 1 387 0 0 10 2 0
57300 1 387 0 0 10 2 0
57400 1 386 0 0 10 2 0
57500 1 386 0 0 10 2 0
57600 1 384 0 0 10 2 0
57700 1 384 0 0 10 2 0
57800 1 384 0 0 10 2 0
57900 1 384 0 0 10 2 0
58000 1 383 0 0 10 2 0
58100 1 389 0 0 10 2 0
58200 1 389 0 0 10 2 0
58300 1 388 0 0 10 2 0
58400 1 388 0 0 10 2 0
58500 1 388 0 0 10 2 0
58600 1 387 0 0 10 2 0
58700 1 386 0 0 10 2 0
58800 1 385 0 0 10 2 0
58900 1 384 0 0 10 2 0
59000 1 384 0 0 10 2 0
59100 1 384 0 0 10 2 0
59200 1 389 0 0 10 2 0
59300 1 388 0 0 10 2 0
59400 1 388 0 0 10 2 0
59500 1 388 0 0 10 2 0
59600 1 387 0 0 10 2 0
59700 1 387 0 0 10 2 0
59800 1 387 0 0 10 2 0
59900 1 387 0 0 10 2 0
60000 1 387 0 0 10 2 0
60100 1 387 0 0 10 2 0
60200 1 387 0 0 10 2 0
60300 1 392 0 0 10 2 0
60400 1 392 0 0 10 2 0
60500 1 392 0 0 10 2 0
60600 1 389 0 0 10 2 0
60700 1 388 0 0 10 2 0
60800 1 388 0 0 10 2 0
60900 1 388 0 0 10 2 0
61000 1 388 0 0 10 2 0
61100 1 386 0 0 10 2 0
61200 1 386 0 0 10 2 0
61300 1 392 0 0 10 2 0
61400 1 391 0 0 10 2 0
61500 1 389 0 0 10 2 0
61600 1 389 0 0 10 2 0
61700 1 389 0 0 10 2 0
61800 1 388 0 0 10 2 0
61900 1 388 0 0 10 2 0
62000 1 388 0 0 10 2 0
62100 1 387 0 0 10 2 0
62200 1 385 0 0 10 2 0
62300 1 383 0 0 10 2 0
62400 1 389 0 0 10 2 0
62500 1 389 0 0 10 2 0
62600 1 388 0 0 10 2 0
62700 1 386 0 0 10 2 0
62800 1 385 0 0 10 2 0
62900 1 383 0 0 10 2 0
63000 1 382 0 0 10 2 0
63100 1 382 0 0 10 2 0
63200 1 381 0 0 10 2 0
63300 1 381 0 0 10 2 0
63400 1 379 0 0 10 2 0
63500 1 385 0 0 10 2 0
63600 1 384 0 0 10 2 0
63700 1 384 0 0 10 2 0
63800 1 384 0 0 10 2 0
63900 1 383 0 0 10 2 0
64000 1 382 0 0 10 2 0
64100 1 380 0 0 10 2 0
64200 1 380 0 0 10 2 0
64300 1 379 0 0 10 2 0
64400 1 379 0 0 10 2 0
64500 1 379 0 0 10 2 0
64600 1 385 0 0 10 2 0
64700 1 384 0 0 10 2 0
64800 1 384 0 0 10 2 0
64900 1 383 0 0 10 2 0
65000 1 382 0 0 10 2 0
65100 1 382 0 0 10 2 0
65200 1 381 0 0 10 2 0
65300 1 381 0 0 10 2 0
65400 1 381 0 0 10 2 0
65500 1 381 0 0 10 2 0
65600 1 386 0 0 11 1 0
65700 1 385 0 0 11 1 0
65800 1 383 0 0 11 1 0
65900 1 383 0 0 11 1 0
66000 1 382 0 0 11 1 0
66100 1 382 0 0 11 1 0
66200 1 381 0 0 11 1 0
66300 1 380 0 0 11 1 0
66400 1 379 0 0 11 1 0
66500 1 378 0 0 11 1 0
66600 1 377 0 0 11 1 0
66700 1 383 0 0 11 1 0
66800 1 383 0 0 11 1 0
66900 1 383 0 0 11 1 0
67000 1 383 0 0 11 1 0
67100 1 381 0 0 12 0 0
67200 1 380 0 0 12 0 0
67300 1 379 0 0 12 0 0
67400 1 379 0 0 12 0 0
67500 1 378 0 0 12 0 0
67600 1 378 0 0 12 0 0
67700 1 377 0 0 12 0 0
67800 1 383 0 0 12 0 0
67900 1 383 0 0 12 0 0
68000 1 381 0 0 12 0 0
68100 1 380 0 0 12 0 0
68200 1 380 0 0 12 0 0
68300 1 379 0 0 12 0 0
68400 1 377 0 0 12 0 0
68500 1 377 0 0 12 0 0
68600 1 377 0 0 12 0 0
68700 1 377 0 0 12 0 0
68800 1 375 0 0 12 0 0
68900 1 380 0 0 12 0 0
69000 1 380 0 0 12 0 0
69100 1 380 0 0 12 0 0
69200 1 380 0 0 12 0 0
69300 1 379 0 0 12 0 0
69400 1 379 0 0 12 0 0
69500 1 379 0 0 12 0 0
69600 1 378 0 0 12 0 0
69700 1 375 0 0 12 0 0
69800 1 375 0 0 12 0 0
69900 1 380 0 0 12 0 0
70000 1 379 0 0 12 0 0
70100 1 379 0 0 12 0 0
70200 1 378 0 0 12 0 0
70300 1 378 0 0 12 0 0
70400 1 378 0 0 12 0 0
70500 1 378 0 0 12 0 0
70600 1 378 0 0 12 0 0
70700 1 377 0 0 12 0 0
70800 1 377 0 0 12 0 0
70900 1 377 0 0 12 0 0
71000 1 383 0 0 12 0 0
71100 1 383 0 0 12 0 0
71200 1 382 0 0 12 0 0
71300 1 381 0 0 12 0 0
71400 1 381 0 0 12 0 0
71500 1 381 0 0 12 0 0
71600 1 380 0 0 12 0 0
71700 1 380 0 0 12 0 0
71800 1 380 0 0 12 0 0
71900 1 380 0 0 12 0 0
72000 1 379 0 0 12 0 0
72100 2 384 0 0 0 24 0
72200 2 384 0 0 0 24 0
72300 2 384 0 0 0 24 0
72400 2 383 0 0 1 23 0
72500 2 383 0 0 1 23 0
72600 2 380 0 0 1 23 0
72700 2 380 0 0 1 23 0
72800 2 379 0 0 1 23 0
72900 2 379 0 0 1 23 0
73000 2 379 0 0 1 23 0
73100 2 378 0 0 1 23 0
73200 2 384 0 0 1 23 0
73300 2 384 0 0 1 23 0
73400 2 384 0 0 1 23 0
73500 2 384 0 0 1 23 0
73600 2 384 0 0 1 23 0
73700 2 384 0 0 1 23 0
73800 2 384 0 0 1 23 0
73900 2 383 0 0 1 23 0
74000 2 381 0 0 2 22 0
74100 2 381 0 0 2 22 0
74200 2 386 0 0 2 22 0
74300 2 386 0 0 2 22 0
74400 2 386 0 0 2 22 0
74500 2 386 0 0 2 22 0
74600 2 386 0 0 2 22 0
74700 2 386 0 0 2 22 0
74800 2 386 0 0 2 22 0
74900 2 385 0 0 3 21 0
75000 2 384 0 0 3 21 0
75100 2 384 0 0 3 21 0
75200 2 384 0 0 3 21 0
75300 2 390 0 0 3 21 0
75400 2 389 0 0 3 21 0
75500 2 389 0 0 3 21 0
75600 2 388 0 0 3 21 0
75700 2 388 0 0 3 21 0
75800 2 387 0 0 3 21 0
75900 2 386 0 0 3 21 0
76000 2 386 0 0 3 21 0
76100 2 386 0 0 3 21 0
76200 2 386 0 0 3 21 0
76300 2 385 0 0 3 21 0
76400 2 391 0 0 3 21 0
76500 2 391 0 0 3 21 0
76600 2 391 0 0 3 21 0
76700 2 390 0 0 3 21 0
76800 2 390 0 0 3 21 0
76900 2 389 0 0 3 21 0
77000 2 389 0 0 3 21 0
77100 2 388 0 0 3 21 0
77200 2 387 0 0 3 21 0
77300 2 387 0 0 3 21 0
77400 2 386 0 0 3 21 0
77500 2 391 0 0 3 21 0
77600 2 391 0 0 3 21 0
77700 2 390 0 0 3 21 0
77800 2 390 0 0 3 21 0
77900 2 390 0 0 3 21 0
78000 2 390 0 0 3 21 0
78100 2 389 0 0 3 21 0
78200 2 389 0 0 3 21 0
78300 2 389 0 0 3 21 0
78400 2 387 0 0 3 21 0
78500 2 393 0 0 3 21 0
78600 2 393 0 0 3 21 0
78700 2 391 0 0 3 21 0
78800 2 390 0 0 3 21 0
78900 2 390 0 0 3 21 0
79000 2 389 0 0 3 21 0
79100 2 388 0 0 3 21 0
79200 2 388 0 0 3 21 0
79300 2 387 0 0 3 21 0
79400 2 384 0 0 3 21 0
79500 2 384 0 0 3 21 0
79600 2 390 0 0 3 21 0
79700 2 390 0 0 3 21 0
79800 2 386 0 0 3 21 0
79900 2 384 0 0 3 21 0
80000 2 384 0 0 3 21 0
80100 2 383 0 0 3 21 0
80200 2 383 0 0 3 21 0
80300 2 382 0 0 3 21 0
80400 2 381 0 0 3 21 0
80500 2 380 0 0 3 21 0
80600 2 380 0 0 3 21 0
80700 2 385 0 0 3 21 0
80800 2 385 0 0 3 21 0
80900 2 384 0 0 3 21 0
81000 2 384 0 0 3 21 0
81100 2 381 0 0 3 21 0
81200 2 381 0 0 3 21 0
81300 2 380 0 0 3 21 0
81400 2 379 0 0 3 21 0
81500 2 378 0 0 3 21 0
81600 2 378 0 0 3 21 0
81700 2 377 0 0 3 21 0
81800 2 383 0 0 3 21 0
81900 2 381 0 0 3 21 0
82000 2 379 0 0 3 21 0
82100 2 377 0 0 3 21 0
82200 2 377 0 0 3 21 0
82300 2 377 0 0 3 21 0
82400 2 377 0 0 3 21 0
82500 2 377 0 0 3 21 0
82600 2 376 0 0 3 21 0
82700 2 376 0 0 3 21 0
82800 2 381 0 0 3 21 0
82900 2 381 0 0 3 21 0
83000 2 380 0 0 3 21 0
83100 2 380 0 0 3 21 0
83200 2 379 0 0 4 20 0
83300 2 379 0 0 4 20 0
83400 2 379 0 0 4 20 0
83500 2 378 0 0 4 20 0
83600 2 378 0 0 4 20 0
83700 2 378 0 0 4 20 0
83800 2 378 0 0 4 20 0
83900 2 381 0 0 4 20 0
84000 2 381 0 0 4 20 0
84100 2 381 0 0 4 20 0
84200 2 380 0 0 4 20 0
84300 2 379 0 0 4 20 0
84400 2 379 0 0 4 20 0
84500 2 378 0 0 4 20 0
84600 2 378 0 0 4 20 0
84700 2 378 0 0 4 20 0
84800 2 377 0 0 5 19 0
84900 2 377 0 0 5 19 0
85000 2 381 0 0 5 19 0
85100 2 381 0 0 5 19 0
85200 2 381 0 0 5 19 0
85300 2 381 0 0 5 19 0
85400 2 381 0 0 5 19 0
85500 2 379 0 0 6 18 0
85600 2 379 0 0 6 18 0
85700 2 379 0 0 6 18 0
85800 2 379 0 0 6 18 0
85900 2 378 0 0 6 18 0
86000 2 377 0 0 6 18 0
86100 2 383 0 0 6 18 0
86200 2 382 0 0 6 18 0
86300 2 381 0 0 6 18 0
86400 2 380 0 0 6 18 0
86500 2 379 0 0 6 18 0
86600 2 379 0 0 6 18 0
86700 2 377 0 0 6 18 0
86800 2 376 0 0 6 18 0
86900 2 376 0 0 6 18 0
87000 2 375 0 0 6 18 0
87100 2 381 0 0 6 18 0
87200 2 379 0 0 6 18 0
87300 2 379 0 0 6 18 0
87400 2 379 0 0 6 18 0
87500 2 378 0 0 6 18 0
87600 2 377 0 0 6 18 0
87700 2 377 0 0 6 18 0
87800 2 376 0 0 6 18 0
87900 2 376 0 0 6 18 0
88000 2 376 0 0 6 18 0
88100 2 376 0 0 6 18 0
88200 2 382 0 0 6 18 0
88300 2 382 0 0 6 18 0
88400 2 381 0 0 7 17 0
88500 2 381 0 0 7 17 0
88600 2 380 0 0 7 17 0
88700 2 380 0 0 7 17 0
88800 2 380 0 0 7 17 0
88900 2 380 0 0 7 17 0
89000 2 379 0 0 7 17 0
89100 2 379 0 0 7 17 0
89200 2 379 0 0 7 17 0
89300 2 384 0 0 7 17 0
89400 2 381 0 0 7 17 0
89500 2 380 0 0 7 17 0
89600 2 379 0 0 7 17 0
89700 2 379 0 0 7 17 0
89800 2 378 0 0 7 17 0
89900 2 378 0 0 7 17 0
90000 2 378 0 0 7 17 0
90100 2 377 0 0 7 17 0
90200 2 377 0 0 7 17 0
90300 2 377 0 0 7 17 0
90400 2 382 0 0 7 17 0
90500 2 382 0 0 7 17 0
90600 2 380 0 0 7 17 0
90700 2 378 0 0 7 17 0
90800 2 377 0 0 7 17 0
90900 2 375 0 0 7 17 0
91000 2 375 0 0 7 17 0
91100 2 375 0 0 7 17 0
91200 2 374 0 0 7 17 0
91300 2 371 0 0 7 17 0
91400 2 377 0 0 7 17 0
91500 2 377 0 0 7 17 0
91600 2 377 0 0 7 17 0
91700 2 377 0 0 7 17 0
91800 2 377 0 0 7 17 0
91900 2 376 0 0 7 17 0
92000 2 376 0 0 7 17 0
92100 2 376 0 0 7 17 0
92200 2 376 0 0 7 17 0
92300 2 375 0 0 7 17 0
92400 2 375 0 0 7 17 0
92500 2 380 0 0 7 17 0
92600 2 379 0 0 7 17 0
92700 2 378 0 0 7 17 0
92800 2 378 0 0 7 17 0
92900 2 378 0 0 7 17 0
93000 2 378 0 0 7 17 0
93100 2 377 0 0 7 17 0
93200 2 376 0 0 7 17 0
93300 2 376 0 0 7 17 0
93400 2 373 0 0 7 17 0
93500 2 373 0 0 7 17 0
93600 2 378 0 0 7 17 0
93700 2 376 0 0 7 17 0
93800 2 374 0 0 7 17 0
93900 2 373 0 0 7 17 0
94000 2 371 0 0 7 17 0
94100 2 369 0 0 7 17 0
94200 2 369 0 0 7 17 0
94300 2 368 0 0 7 17 0
94400 2 368 0 0 7 17 0
94500 2 367 0 0 7 17 0
94600 2 367 0 0 7 17 0
94700 2 372 0 0 7 17 0
94800 2 371 0 0 7 17 0
94900 2 371 0 0 7 17 0
95000 2 368 0 0 7 17 0
95100 2 367 0 0 7 17 0
95200 2 367 0 0 7 17 0
95300 2 366 0 0 7 17 0
95400 2 366 0 0 7 17 0
95500 2 366 0 0 7 17 0
95600 2 366 0 0 7 17 0
95700 2 371 0 0 7 17 0
95800 2 371 0 0 7 17 0
95900 2 371 0 0 7 17 0
96000 2 371 0 0 7 17 0
96100 2 370 0 0 7 17 0
96200 2 369 0 0 7 17 0
96300 2 368 0 0 7 17 0
96400 2 368 0 0 7 17 0
96500 2 367 0 0 7 17 0
96600 2 367 0 0 7 17 0
96700 2 367 0 0 7 17 0
96800 2 372 0 0 7 17 0
96900 2 372 0 0 7 17 0
97000 2 372 0 0 7 17 0
97100 2 371 0 0 8 16 0
97200 2 370 0 0 8 16 0
97300 2 370 0 0 8 16 0
97400 2 369 0 0 8 16 0
97500 2 369 0 0 8 16 0
97600 2 369 0 0 8 16 0
97700 2 369 0 0 8 16 0
97800 2 369 0 0 8 16 0
97900 2 375 0 0 8 16 0
98000 2 375 0 0 8 16 0
98100 2 374 0 0 8 16 0
98200 2 374 0 0 8 16 0
98300 2 374 0 0 8 16 0
98400 2 373 0 0 8 16 0
98500 2 373 0 0 8 16 0
98600 2 372 0 0 8 16 0
98700 2 371 0 0 8 16 0
98800 2 370 0 0 8 16 0
98900 2 369 0 0 8 16 0
99000 2 375 0 0 8 16 0
99100 2 375 0 0 8 16 0
99200 2 372 0 0 8 16 0
99300 2 372 0 0 8 16 0
99400 2 371 0 0 8 16 0
99500 2 370 0 0 8 16 0
99600 2 370 0 0 8 16 0
99700 2 370 0 0 8 16 0
99800 2 370 0 0 8 16 0
99900 2 370 0 0 8 16 0
100000 2 376 0 0 8 16 0
100100 2 376 0 0 8 16 0
100200 2 374 0 0 8 16 0
100300 2 372 0 0 8 16 0
100400 2 371 0 0 8 16 0
100500 2 371 0 0 8 16 0
100600 2 371 0 0 8 16 0
100700 2 370 0 0 8 16 0
100800 2 370 0 0 8 16 0
100900 2 370 0 0 8 16 0
101000 2 369 0 0 8 16 0
101100 2 374 0 0 8 16 0
101200 2 374 0 0 8 16 0
101300 2 373 0 0 8 16 0
101400 2 372 0 0 8 16 0
101500 2 372 0 0 8 16 0
101600 2 371 0 0 8 16 0
101700 2 369 0 0 8 16 0
101800 2 369 0 0 8 16 0
101900 2 368 0 0 8 16 0
102000 2 368 0 0 8 16 0
102100 2 366 0 0 9 15 0
102200 2 371 0 0 9 15 0
102300 2 369 0 0 9 15 0
102400 2 368 0 0 9 15 0
102500 2 368 0 0 9 15 0
102600 2 368 0 0 9 15 0
102700 2 368 0 0 9 15 0
102800 2 367 0 0 9 15 0
102900 2 367 0 0 9 15 0
103000 2 367 0 0 9 15 0
103100 2 366 0 0 9 15 0
103200 2 366 0 0 9 15 0
103300 2 372 0 0 9 15 0
103400 2 372 0 0 9 15 0
103500 2 372 0 0 9 15 0
103600 2 371 0 0 9 15 0
103700 2 371 0 0 9 15 0
103800 2 371 0 0 9 15 0
103900 2 371 0 0 9 15 0
104000 2 370 0 0 9 15 0
104100 2 370 0 0 9 15 0
104200 2 370 0 0 9 15 0
104300 2 375 0 0 9 15 0
104400 2 375 0 0 9 15 0
104500 2 375 0 0 9 15 0
104600 2 374 0 0 9 15 0
104700 2 374 0 0 9 15 0
104800 2 373 0 0 9 15 0
104900 2 373 0 0 9 15 0
105000 2 372 0 0 9 15 0
105100 2 371 0 0 9 15 0
105200 2 371 0 0 9 15 0
105300 2 371 0 0 9 15 0
105400 2 375 0 0 9 15 0
105500 2 373 0 0 9 15 0
105600 2 372 0 0 9 15 0
105700 2 370 0 0 10 14 0
105800 2 370 0 0 10 14 0
105900 2 370 0 0 10 14 0
106000 2 369 0 0 10 14 0
106100 2 367 0 0 10 14 0
106200 2 367 0 0 10 14 0
106300 2 366 0 0 10 14 0
106400 2 366 0 0 10 14 0
106500 2 371 0 0 10 14 0
106600 2 371 0 0 10 14 0
106700 2 371 0 0 10 14 0
106800 2 370 0 0 10 14 0
106900 2 370 0 0 10 14 0
107000 2 370 0 0 10 14 0
107100 2 368 0 0 10 14 0
107200 2 368 0 0 10 14 0
107300 2 367 0 0 10 14 0
107400 2 366 0 0 10 14 0
107500 2 366 0 0 10 14 0
107600 2 372 0 0 10 14 0
107700 2 372 0 0 10 14 0
107800 2 372 0 0 10 14 0
107900 2 372 0 0 10 14 0
108000 2 371 0 0 10 14 0
108100 2 369 0 0 10 14 0
108200 2 368 0 0 10 14 0
108300 2 368 0 0 10 14 0
108400 2 367 0 0 10 14 0
108500 2 367 0 0 10 14 0
108600 2 372 0 0 10 14 0
108700 2 372 0 0 10 14 0
108800 2 371 0 0 10 14 0
108900 2 370 0 0 10 14 0
109000 2 370 0 0 10 14 0
109100 2 367 0 0 10 14 0
109200 2 364 0 0 10 14 0
109300 2 363 0 0 10 14 0
109400 2 360 0 0 10 14 0
109500 2 360 0 0 10 14 0
109600 2 359 0 0 10 14 0
109700 2 365 0 0 10 14 0
109800 2 364 0 0 10 14 0
109900 2 364 0 0 10 14 0
110000 2 364 0 0 10 14 0
110100 2 363 0 0 10 14 0
110200 2 363 0 0 10 14 0
110300 2 363 0 0 10 14 0
110400 2 363 0 0 10 14 0
110500 2 363 0 0 10 14 0
110600 2 363 0 0 10 14 0
110700 2 363 0 0 10 14 0
110800 2 369 0 0 10 14 0
110900 2 368 0 0 10 14 0
111000 2 368 0 0 10 14 0
111100 2 368 0 0 10 14 0
111200 2 367 0 0 10 14 0
111300 2 366 0 0 10 14 0
111400 2 366 0 0 10 14 0
111500 2 365 0 0 10 14 0
111600 2 365 0 0 10 14 0
111700 2 364 0 0 10 14 0
111800 2 364 0 0 10 14 0
111900 2 370 0 0 10 14 0
112000 2 370 0 0 10 14 0
112100 2 370 0 0 10 14 0
112200 2 369 0 0 10 14 0
112300 2 369 0 0 10 14 0
112400 2 369 0 0 10 14 0
112500 2 368 0 0 10 14 0
112600 2 367 0 0 10 14 0
112700 2 366 0 0 10 14 0
112800 2 366 0 0 10 14 0
112900 2 372 0 0 10 14 0
113000 2 371 0 0 10 14 0
113100 2 370 0 0 10 14 0
113200 2 369 0 0 10 14 0
113300 2 369 0 0 10 14 0
113400 2 369 0 0 10 14 0
113500 2 369 0 0 10 14 0
113600 2 369 0 0 10 14 0
113700 2 369 0 0 10 14 0
113800 2 369 0 0 10 14 0
113900 2 368 0 0 10 14 0
114000 2 374 0 0 10 14 0
114100 2 374 0 0 10 14 0
114200 2 374 0 0 10 14 0
114300 2 374 0 0 10 14 0
114400 2 374 0 0 10 14 0
114500 2 374 0 0 10 14 0
114600 2 372 0 0 10 14 0
114700 2 372 0 0 10 14 0
114800 2 372 0 0 10 14 0
114900 2 372 0 0 10 14 0
115000 2 372 0 0 10 14 0
115100 2 378 0 0 10 14 0
115200 2 378 0 0 10 14 0
115300 2 378 0 0 10 14 0
115400 2 378 0 0 10 14 0
115500 2 376 0 0 10 14 0
115600 2 374 0 0 10 14 0
115700 2 374 0 0 10 14 0
115800 2 374 0 0 10 14 0
115900 2 374 0 0 10 14 0
116000 2 374 0 0 10 14 0
116100 2 372 0 0 10 14 0
116200 2 377 0 0 10 14 0
116300 2 377 0 0 10 14 0
116400 2 376 0 0 10 14 0
116500 2 375 0 0 10 14 0
116600 2 375 0 0 10 14 0
116700 2 374 0 0 10 14 0
116800 2 373 0 0 10 14 0
116900 2 372 0 0 10 14 0
117000 2 371 0 0 10 14 0
117100 2 370 0 0 10 14 0
117200 2 375 0 0 10 14 0
117300 2 375 0 0 10 14 0
117400 2 375 0 0 10 14 0
117500 2 375 0 0 10 14 0
117600 2 374 0 0 10 14 0
117700 2 374 0 0 10 14 0
117800 2 374 0 0 10 14 0
117900 2 374 0 0 10 14 0
118000 2 374 0 0 10 14 0
118100 2 372 0 0 10 14 0
118200 2 372 0 0 10 14 0
118300 2 376 0 0 10 14 0
118400 2 374 0 0 10 14 0
118500 2 374 0 0 10 14 0
118600 2 374 0 0 10 14 0
118700 2 374 0 0 10 14 0
118800 2 373 0 0 10 14 0
118900 2 373 0 0 10 14 0
119000 2 373 0 0 10 14 0
119100 2 372 0 0 10 14 0
119200 2 371 0 0 10 14 0
119300 2 370 0 0 10 14 0
119400 2 375 0 0 10 14 0
119500 2 375 0 0 10 14 0
119600 2 375 0 0 10 14 0
119700 2 375 0 0 10 14 0
119800 2 374 0 0 10 14 0
119900 2 373 0 0 10 14 0
120000 2 373 0 0 10 14 0
120100 2 373 0 0 10 14 0
120200 2 373 0 0 10 14 0
120300 2 373 0 0 10 14 0
120400 2 373 0 0 10 14 0
120500 2 378 0 0 10 14 0
120600 2 378 0 0 10 14 0
120700 2 378 0 0 10 14 0
120800 2 378 0 0 10 14 0
120900 2 378 0 0 10 14 0
121000 2 378 0 0 10 14 0
121100 2 376 0 0 10 14 0
121200 2 376 0 0 10 14 0
121300 2 375 0 0 10 14 0
121400 2 373 0 0 10 14 0
121500 2 379 0 0 10 14 0
121600 2 379 0 0 10 14 0
121700 2 377 0 0 10 14 0
121800 2 376 0 0 10 14 0
121900 2 376 0 0 10 14 0
122000 2 375 0 0 10 14 0
122100 2 375 0 0 10 14 0
122200 2 374 0 0 10 14 0
122300 2 374 0 0 10 14 0
122400 2 374 0 0 10 14 0
122500 2 374 0 0 10 14 0
122600 2 379 0 0 10 14 0
122700 2 379 0 0 10 14 0
122800 2 378 0 0 10 14 0
122900 2 376 0 0 10 14 0
123000 2 374 0 0 10 14 0
123100 2 374 0 0 10 14 0
123200 2 374 0 0 10 14 0
123300 2 373 0 0 10 14 0
123400 2 373 0 0 10 14 0
123500 2 371 0 0 10 14 0
123600 2 371 0 0 10 14 0
123700 2 375 0 0 10 14 0
123800 2 375 0 0 10 14 0
123900 2 375 0 0 10 14 0
124000 2 374 0 0 10 14 0
124100 2 374 0 0 10 14 0
124200 2 371 0 0 10 14 0
124300 2 371 0 0 10 14 0
124400 2 371 0 0 10 14 0
124500 2 371 0 0 10 14 0
124600 2 371 0 0 10 14 0
124700 2 371 0 0 10 14 0
124800 2 377 0 0 10 14 0
124900 2 376 0 0 10 14 0
125000 2 376 0 0 10 14 0
125100 2 376 0 0 10 14 0
125200 2 375 0 0 10 14 0
125300 2 375 0 0 10 14 0
125400 2 374 0 0 10 14 0
125500 2 373 0 0 10 14 0
125600 2 373 0 0 10 14 0
125700 2 373 0 0 10 14 0
125800 2 379 0 0 10 14 0
125900 2 379 0 0 10 14 0
126000 2 379 0 0 10 14 0
126100 2 379 0 0 10 14 0
126200 2 379 0 0 10 14 0
126300 2 378 0 0 10 14 0
126400 2 378 0 0 10 14 0
126500 2 377 0 0 10 14 0
126600 2 377 0 0 10 14 0
126700 2 377 0 0 10 14 0
126800 2 377 0 0 10 14 0
126900 2 382 0 0 10 14 0
127000 2 381 0 0 10 14 0
127100 2 381 0 0 10 14 0
127200 2 381 0 0 10 14 0
127300 2 381 0 0 10 14 0
127400 2 381 0 0 10 14 0
127500 2 380 0 0 10 14 0
127600 2 380 0 0 10 14 0
127700 2 379 0 0 10 14 0
127800 2 379 0 0 10 14 0
127900 2 379 0 0 10 14 0
128000 2 384 0 0 10 14 0
128100 2 384 0 0 10 14 0
128200 2 383 0 0 10 14 0
128300 2 383 0 0 10 14 0
128400 2 383 0 0 10 14 0
128500 2 383 0 0 10 14 0
128600 2 383 0 0 10 14 0
128700 2 383 0 0 10 14 0
128800 2 382 0 0 10 14 0
128900 2 381 0 0 10 14 0
129000 2 380 0 0 10 14 0
129100 2 385 0 0 10 14 0
129200 2 385 0 0 10 14 0
129300 2 385 0 0 10 14 0
129400 2 384 0 0 10 14 0
129500 2 383 0 0 10 14 0
129600 2 382 0 0 10 14 0
129700 2 382 0 0 10 14 0
129800 2 382 0 0 10 14 0
129900 2 382 0 0 10 14 0
130000 2 382 0 0 10 14 0
130100 2 388 0 0 10 14 0
130200 2 387 0 0 10 14 0
130300 2 387 0 0 10 14 0
130400 2 387 0 0 10 14 0
130500 2 387 0 0 10 14 0
130600 2 387 0 0 10 14 0
130700 2 387 0 0 10 14 0
130800 2 386 0 0 10 14 0
130900 2 386 0 0 10 14 0
131000 2 386 0 0 10 14 0
131100 2 386 0 0 10 14 0
131200 2 392 0 0 10 14 0
131300 2 392 0 0 10 14 0
131400 2 392 0 0 10 14 0
131500 2 390 0 0 10 14 0
131600 2 389 0 0 10 14 0
131700 2 389 0 0 10 14 0
131800 2 389 0 0 10 14 0
131900 2 388 0 0 10 14 0
132000 2 387 0 0 10 14 0
132100 2 387 0 0 10 14 0
132200 2 387 0 0 10 14 0
132300 2 393 0 0 10 14 0
132400 2 391 0 0 10 14 0
132500 2 391 0 0 10 14 0
132600 2 389 0 0 10 14 0
132700 2 389 0 0 10 14 0
132800 2 388 0 0 10 14 0
132900 2 388 0 0 10 14 0
133000 2 387 0 0 11 13 0
133100 2 387 0 0 11 13 0
133200 2 387 0 0 11 13 0
133300 2 385 0 0 11 13 0
133400 2 390 0 0 11 13 0
133500 2 389 0 0 11 13 0
133600 2 386 0 0 11 13 0
133700 2 386 0 0 11 13 0
133800 2 384 0 0 12 12 0
133900 2 384 0 0 12 12 0
134000 2 384 0 0 12 12 0
134100 2 383 0 0 12 12 0
134200 2 383 0 0 12 12 0
134300 2 380 0 0 12 12 0
134400 2 385 0 0 13 11 0
134500 2 385 0 0 13 11 0
134600 2 385 0 0 13 11 0
134700 2 385 0 0 13 11 0
134800 2 385 0 0 13 11 0
134900 2 385 0 0 13 11 0
135000 2 384 0 0 13 11 0
135100 2 384 0 0 13 11 0
135200 2 384 0 0 13 11 0
135300 2 383 0 0 13 11 0
135400 2 383 0 0 13 11 0
135500 2 389 0 0 13 11 0
135600 2 388 0 0 13 11 0
135700 2 388 0 0 13 11 0
135800 2 386 0 0 13 11 0
135900 2 386 0 0 13 11 0
136000 2 386 0 0 13 11 0
136100 2 384 0 0 13 11 0
136200 2 384 0 0 13 11 0
136300 2 384 0 0 13 11 0
136400 2 383 0 0 13 11 0
136500 2 383 0 0 13 11 0
136600 2 387 0 0 13 11 0
136700 2 387 0 0 13 11 0
136800 2 387 0 0 13 11 0
136900 2 387 0 0 13 11 0
137000 2 387 0 0 13 11 0
137100 2 387 0 0 13 11 0
137200 2 387 0 0 13 11 0
137300 2 386 0 0 13 11 0
137400 2 386 0 0 13 11 0
137500 2 386 0 0 13 11 0
137600 2 386 0 0 13 11 0
137700 2 392 0 0 13 11 0
137800 2 392 0 0 13 11 0
137900 2 392 0 0 13 11 0
138000 2 391 0 0 14 10 0
138100 2 391 0 0 14 10 0
138200 2 391 0 0 14 10 0
138300 2 391 0 0 14 10 0
138400 2 390 0 0 14 10 0
138500 2 390 0 0 14 10 0
138600 2 389 0 0 14 10 0
138700 2 394 0 0 14 10 0
138800 2 393 0 0 14 10 0
138900 2 392 0 0 14 10 0
139000 2 392 0 0 14 10 0
139100 2 392 0 0 14 10 0
139200 2 391 0 0 14 10 0
139300 2 390 0 0 14 10 0
139400 2 390 0 0 14 10 0
139500 2 389 0 0 14 10 0
139600 2 388 0 0 14 10 0
139700 2 387 0 0 14 10 0
139800 2 392 0 0 14 10 0
139900 2 392 0 0 14 10 0
140000 2 391 0 0 14 10 0
140100 2 389 0 0 14 10 0
140200 2 387 0 0 14 10 0
140300 2 385 0 0 14 10 0
140400 2 385 0 0 14 10 0
140500 2 385 0 0 14 10 0
140600 2 385 0 0 14 10 0
140700 2 385 0 0 14 10 0
140800 2 385 0 0 14 10 0
140900 2 391 0 0 14 10 0
141000 2 391 0 0 14 10 0
141100 2 391 0 0 14 10 0
141200 2 390 0 0 14 10 0
141300 2 389 0 0 14 10 0
141400 2 389 0 0 14 10 0
141500 2 389 0 0 14 10 0
141600 2 389 0 0 14 10 0
141700 2 388 0 0 14 10 0
141800 2 388 0 0 14 10 0
141900 2 388 0 0 14 10 0
142000 2 394 0 0 14 10 0
142100 2 393 0 0 14 10 0
142200 2 393 0 0 14 10 0
142300 2 393 0 0 14 10 0
142400 2 392 0 0 14 10 0
142500 2 392 0 0 14 10 0
142600 2 392 0 0 14 10 0
142700 2 392 0 0 14 10 0
142800 2 392 0 0 14 10 0
142900 2 391 0 0 14 10 0
143000 2 397 0 0 14 10 0
143100 2 396 0 0 14 10 0
143200 2 396 0 0 14 10 0
143300 2 395 0 0 14 10 0
143400 2 395 0 0 14 10 0
143500 2 395 0 0 14 10 0
143600 2 395 0 0 14 10 0
143700 2 394 0 0 14 10 0
143800 2 393 0 0 14 10 0
143900 2 393 0 0 14 10 0
144000 2 393 0 0 14 10 0
144100 2 399 0 0 14 10 0
144200 2 399 0 0 14 10 0
144300 2 396 0 0 14 10 0
144400 2 394 0 0 14 10 0
144500 2 393 0 0 14 10 0
144600 2 391 0 0 14 10 0
144700 2 391 0 0 14 10 0
144800 2 390 0 0 14 10 0
144900 2 389 0 0 14 10 0
145000 2 389 0 0 14 10 0
145100 2 389 0 0 14 10 0
145200 2 394 0 0 14 10 0
145300 2 392 0 0 14 10 0
145400 2 391 0 0 14 10 0
145500 2 390 0 0 14 10 0
145600 2 390 0 0 14 10 0
145700 2 389 0 0 14 10 0
145800 2 389 0 0 14 10 0
145900 2 388 0 0 14 10 0
146000 2 387 0 0 14 10 0
146100 2 387 0 0 14 10 0
146200 2 386 0 0 14 10 0
146300 2 391 0 0 14 10 0
146400 2 391 0 0 14 10 0
146500 2 390 0 0 14 10 0
146600 2 390 0 0 14 10 0
146700 2 390 0 0 14 10 0
146800 3 389 0 0 7 29 0
146900 3 387 0 0 7 29 0
147000 3 387 0 0 7 29 0
147100 3 386 0 0 7 29 0
147200 3 386 0 0 7 29 0
147300 3 392 0 0 7 29 0
147400 3 392 0 0 7 29 0
147500 3 392 0 0 7 29 0
147600 3 391 0 0 7 29 0
147700 3 391 0 0 7 29 0
147800 3 391 0 0 7 29 0
147900 3 391 0 0 7 29 0
148000 3 389 0 0 7 29 0
148100 3 387 0 0 7 29 0
148200 3 386 0 0 7 29 0
148300 3 386 0 0 7 29 0
148400 3 392 0 0 7 29 0
148500 3 391 0 0 7 29 0
148600 3 391 0 0 7 29 0
148700 3 391 0 0 7 29 0
148800 3 391 0 0 7 29 0
148900 3 391 0 0 7 29 0
149000 3 390 0 0 7 29 0
149100 3 389 0 0 7 29 0
149200 3 388 0 0 7 29 0
149300 3 387 0 0 7 29 0
149400 3 387 0 0 7 29 0
149500 3 392 0 0 7 29 0
149600 3 392 0 0 7 29 0
149700 3 391 0 0 7 29 0
149800 3 390 0 0 7 29 0
149900 3 388 0 0 7 29 0
150000 3 387 0 0 7 29 0
150100 3 387 0 0 7 29 0
150200 3 386 0 0 7 29 0
150300 3 383 0 0 7 29 0
150400 3 382 0 0 7 29 0
150500 3 380 0 0 7 29 0
150600 3 386 0 0 7 29 0
150700 3 385 0 0 8 28 0
150800 3 382 0 0 8 28 0
150900 3 381 0 0 8 28 0
151000 3 381 0 0 8 28 0
151100 3 381 0 0 8 28 0
151200 3 381 0 0 8 28 0
151300 3 381 0 0 8 28 0
151400 3 380 0 0 8 28 0
151500 3 380 0 0 8 28 0
151600 3 384 0 0 8 28 0
151700 3 384 0 0 8 28 0
151800 3 383 0 0 8 28 0
151900 3 383 0 0 8 28 0
152000 3 382 0 0 8 28 0
152100 3 382 0 0 8 28 0
152200 3 382 0 0 8 28 0
152300 3 381 0 0 8 28 0
152400 3 381 0 0 8 28 0
152500 3 381 0 0 8 28 0
152600 3 380 0 0 8 28 0
152700 3 385 0 0 8 28 0
152800 3 385 0 0 8 28 0
152900 3 384 0 0 8 28 0
153000 3 383 0 0 8 28 0
153100 3 380 0 0 8 28 0
153200 3 380 0 0 8 28 0
153300 3 380 0 0 8 28 0
153400 3 380 0 0 8 28 0
153500 3 380 0 0 8 28 0
153600 3 379 0 0 8 28 0
153700 3 379 0 0 8 28 0
153800 3 384 0 0 8 28 0
153900 3 384 0 0 8 28 0
154000 3 384 0 0 8 28 0
154100 3 382 0 0 8 28 0
154200 3 382 0 0 8 28 0
154300 3 381 0 0 8 28 0
154400 3 381 0 0 8 28 0
154500 3 380 0 0 8 28 0
154600 3 380 0 0 8 28 0
154700 3 380 0 0 8 28 0
154800 3 378 0 0 8 28 0
154900 3 384 0 0 8 28 0
155000 3 383 0 0 8 28 0
155100 3 383 0 0 8 28 0
155200 3 382 0 0 8 28 0
155300 3 381 0 0 8 28 0
155400 3 381 0 0 8 28 0
155500 3 381 0 0 8 28 0
155600 4 381 0 0 1 47 0
155700 4 381 0 0 1 47 0
155800 4 381 0 0 1 47 0
155900 4 387 0 0 1 47 0
156000 4 385 0 0 2 46 0
156100 4 384 0 0 2 46 0
156200 4 384 0 0 2 46 0
156300 4 384 0 0 2 46 0
156400 4 383 0 0 2 46 0
156500 4 383 0 0 2 46 0
156600 4 383 0 0 2 46 0
156700 4 383 0 0 2 46 0
156800 4 383 0 0 2 46 0
156900 4 383 0 0 2 46 0
157000 4 388 0 0 2 46 0
157100 4 388 0 0 2 46 0
157200 4 387 0 0 2 46 0
157300 4 387 0 0 2 46 0
157400 4 385 0 0 2 46 0
157500 4 384 0 0 2 46 0
157600 4 383 0 0 2 46 0
157700 4 383 0 0 2 46 0
157800 4 383 0 0 2 46 0
157900 4 383 0 0 2 46 0
158000 4 383 0 0 2 46 0
158100 4 389 0 0 2 46 0
158200 4 389 0 0 2 46 0
158300 4 389 0 0 2 46 0
158400 4 389 0 0 2 46 0
158500 4 389 0 0 2 46 0
158600 4 389 0 0 2 46 0
158700 4 388 0 0 2 46 0
158800 4 388 0 0 2 46 0
158900 4 387 0 0 2 46 0
159000 4 387 0 0 2 46 0
159100 4 387 0 0 2 46 0
159200 4 392 0 0 2 46 0
159300 4 392 0 0 2 46 0
159400 4 392 0 0 2 46 0
159500 4 391 0 0 2 46 0
159600 4 391 0 0 2 46 0
159700 4 391 0 0 2 46 0
159800 4 390 0 0 2 46 0
159900 4 389 0 0 2 46 0
160000 4 387 0 0 3 45 0
160100 4 386 0 0 3 45 0
160200 4 392 0 0 3 45 0
160300 4 392 0 0 3 45 0
160400 4 392 0 0 3 45 0
160500 4 392 0 0 3 45 0
160600 4 392 0 0 3 45 0
160700 4 392 0 0 3 45 0
160800 4 391 0 0 4 44 0
160900 4 391 0 0 4 44 0
161000 4 390 0 0 4 44 0
161100 4 389 0 0 5 43 0
161200 4 389 0 0 5 43 0
161300 4 395 0 0 5 43 0
161400 4 394 0 0 5 43 0
161500 4 393 0 0 5 43 0
161600 4 393 0 0 5 43 0
161700 4 393 0 0 5 43 0
161800 4 393 0 0 5 43 0
161900 4 393 0 0 5 43 0
162000 4 392 0 0 5 43 0
162100 4 392 0 0 5 43 0
162200 4 391 0 0 5 43 0
162300 4 391 0 0 5 43 0
162400 4 397 0 0 5 43 0
162500 4 396 0 0 5 43 0
162600 4 396 0 0 5 43 0
162700 4 395 0 0 5 43 0
162800 4 395 0 0 5 43 0
162900 4 394 0 0 5 43 0
163000 4 394 0 0 5 43 0
163100 4 393 0 0 5 43 0
163200 4 393 0 0 5 43 0
163300 4 392 0 0 5 43 0
163400 4 390 0 0 6 42 0
163500 4 396 0 0 6 42 0
163600 4 395 0 0 6 42 0
163700 4 395 0 0 6 42 0
163800 4 395 0 0 6 42 0
163900 4 394 0 0 6 42 0
164000 4 394 0 0 6 42 0
164100 4 394 0 0 6 42 0
164200 4 393 0 0 6 42 0
164300 4 393 0 0 6 42 0
164400 4 393 0 0 6 42 0
164500 4 397 0 0 6 42 0
164600 4 396 0 0 6 42 0
164700 4 395 0 0 6 42 0
164800 4 394 0 0 7 41 0
164900 4 393 0 0 7 41 0
165000 4 392 0 0 7 41 0
165100 4 392 0 0 7 41 0
165200 4 391 0 0 7 41 0
165300 4 391 0 0 7 41 0
165400 4 391 0 0 7 41 0
165500 4 391 0 0 7 41 0
165600 4 397 0 0 7 41 0
165700 4 397 0 0 7 41 0
165800 4 396 0 0 7 41 0
165900 4 396 0 0 7 41 0
166000 4 394 0 0 7 41 0
166100 4 394 0 0 7 41 0
166200 4 394 0 0 7 41 0
166300 4 394 0 0 7 41 0
166400 4 394 0 0 7 41 0
166500 4 394 0 0 7 41 0
166600 4 394 0 0 7 41 0
166700 4 398 0 0 7 41 0
166800 4 396 0 0 7 41 0
166900 4 396 0 0 7 41 0
167000 4 395 0 0 7 41 0
167100 4 394 0 0 7 41 0
167200 4 393 0 0 7 41 0
167300 4 389 0 0 7 41 0
167400 4 389 0 0 7 41 0
167500 4 388 0 0 7 41 0
167600 4 388 0 0 7 41 0
167700 4 388 0 0 7 41 0
167800 4 393 0 0 7 41 0
167900 4 393 0 0 7 41 0
168000 4 391 0 0 7 41 0
168100 4 391 0 0 7 41 0
168200 4 391 0 0 7 41 0
168300 4 390 0 0 7 41 0
168400 4 388 0 0 7 41 0
168500 4 388 0 0 7 41 0
168600 4 388 0 0 7 41 0
168700 4 387 0 0 7 41 0
168800 4 392 0 0 7 41 0
168900 4 392 0 0 7 41 0
169000 4 392 0 0 7 41 0
169100 4 390 0 0 7 41 0
169200 4 389 0 0 7 41 0
169300 4 387 0 0 7 41 0
169400 4 386 0 0 7 41 0
169500 4 386 0 0 7 41 0
169600 4 386 0 0 7 41 0
169700 4 386 0 0 7 41 0
169800 4 386 0 0 7 41 0
169900 4 391 0 0 7 41 0
170000 4 391 0 0 7 41 0
170100 4 391 0 0 7 41 0
170200 4 391 0 0 7 41 0
170300 4 390 0 0 7 41 0
170400 4 389 0 0 8 40 0
170500 4 389 0 0 8 40 0
170600 4 389 0 0 8 40 0
170700 4 389 0 0 8 40 0
170800 4 389 0 0 8 40 0
170900 4 388 0 0 8 40 0
171000 4 394 0 0 8 40 0
171100 4 392 0 0 8 40 0
171200 4 391 0 0 8 40 0
171300 4 390 0 0 8 40 0
171400 4 390 0 0 8 40 0
171500 4 390 0 0 8 40 0
171600 4 390 0 0 8 40 0
171700 4 390 0 0 8 40 0
171800 4 390 0 0 8 40 0
171900 4 390 0 0 8 40 0
172000 4 390 0 0 8 40 0
172100 4 394 0 0 8 40 0
172200 4 394 0 0 8 40 0
172300 4 394 0 0 8 40 0
172400 4 394 0 0 8 40 0
172500 4 394 0 0 8 40 0
172600 4 394 0 0 8 40 0
172700 4 394 0 0 8 40 0
172800 4 394 0 0 8 40 0
172900 4 394 0 0 8 40 0
173000 4 392 0 0 8 40 0
173100 4 398 0 0 8 40 0
173200 4 398 0 0 8 40 0
173300 4 397 0 0 8 40 0
173400 4 397 0 0 8 40 0
173500 4 396 0 0 8 40 0
173600 4 395 0 0 8 40 0
173700 4 394 0 0 8 40 0
173800 4 394 0 0 8 40 0
173900 4 394 0 0 8 40 0
174000 4 394 0 0 8 40 0
174100 4 394 0 0 8 40 0
174200 4 399 0 0 8 40 0
174300 4 398 0 0 8 40 0
174400 4 398 0 0 8 40 0
174500 4 398 0 0 8 40 0
174600 4 395 0 0 8 40 0
174700 4 394 0 0 8 40 0
174800 4 394 0 0 8 40 0
174900 4 394 0 0 8 40 0
175000 4 393 0 0 8 40 0
175100 4 393 0 0 8 40 0
175200 4 393 0 0 8 40 0
175300 4 399 0 0 8 40 0
175400 4 399 0 0 8 40 0
175500 4 398 0 0 9 39 0
175600 4 397 0 0 9 39 0
175700 4 396 0 0 9 39 0
175800 4 396 0 0 9 39 0
175900 4 396 0 0 9 39 0
176000 4 396 0 0 9 39 0
176100 4 396 0 0 9 39 0
176200 4 395 0 0 9 39 0
176300 4 395 0 0 9 39 0
176400 4 400 0 0 9 39 0
176500 4 399 0 0 9 39 0
176600 4 399 0 0 9 39 0
176700 4 398 0 0 9 39 0
176800 4 398 0 0 9 39 0
176900 4 397 0 0 9 39 0
177000 4 396 0 0 9 39 0
177100 4 393 0 0 10 38 0
177200 4 393 0 0 10 38 0
177300 4 392 0 0 10 38 0
177400 4 398 0 0 10 38 0
177500 4 398 0 0 10 38 0
177600 4 396 0 0 10 38 0
177700 4 396 0 0 10 38 0
177800 4 396 0 0 10 38 0
177900 4 394 0 0 10 38 0
178000 4 394 0 0 10 38 0
178100 4 393 0 0 11 37 0
178200 4 392 0 0 11 37 0
178300 4 391 0 0 11 37 0
178400 4 391 0 0 11 37 0
178500 4 397 0 0 11 37 0
178600 4 396 0 0 11 37 0
178700 4 396 0 0 11 37 0
178800 4 396 0 0 11 37 0
178900 4 396 0 0 11 37 0
179000 4 396 0 0 11 37 0
179100 4 396 0 0 11 37 0
179200 4 396 0 0 11 37 0
179300 4 396 0 0 11 37 0
179400 4 395 0 0 11 37 0
179500 4 395 0 0 11 37 0
179600 4 401 0 0 11 37 0
179700 4 398 0 0 13 35 0
179800 4 398 0 0 13 35 0
179900 4 397 0 0 13 35 0
180000 4 396 0 0 13 35 0
180100 4 395 0 0 13 35 0
180200 4 393 0 0 14 34 0
180300 4 393 0 0 14 34 0
180400 4 393 0 0 14 34 0
180500 4 393 0 0 14 34 0
180600 4 393 0 0 14 34 0
180700 4 398 0 0 14 34 0
180800 4 398 0 0 14 34 0
180900 4 398 0 0 14 34 0
181000 4 397 0 0 14 34 0
181100 4 397 0 0 14 34 0
181200 4 397 0 0 14 34 0
181300 4 396 0 0 14 34 0
181400 4 395 0 0 14 34 0
181500 4 395 0 0 14 34 0
181600 4 395 0 0 14 34 0
181700 4 400 0 0 14 34 0
181800 4 400 0 0 14 34 0
181900 4 400 0 0 14 34 0
182000 4 400 0 0 14 34 0
182100 4 400 0 0 14 34 0
182200 4 400 0 0 14 34 0
182300 4 400 0 0 14 34 0
182400 4 399 0 0 14 34 0
182500 4 397 0 0 14 34 0
182600 4 397 0 0 14 34 0
182700 4 396 0 0 14 34 0
182800 4 402 0 0 14 34 0
182900 4 401 0 0 14 34 0
183000 4 399 0 0 14 34 0
183100 4 398 0 0 14 34 0
183200 4 398 0 0 14 34 0
183300 4 398 0 0 14 34 0
183400 4 395 0 0 14 34 0
183500 4 395 0 0 14 34 0
183600 4 395 0 0 14 34 0
183700 4 394 0 0 14 34 0
183800 4 394 0 0 14 34 0
183900 4 400 0 0 14 34 0
184000 4 400 0 0 14 34 0
184100 4 398 0 0 14 34 0
184200 4 397 0 0 14 34 0
184300 4 397 0 0 14 34 0
184400 4 397 0 0 14 34 0
184500 4 396 0 0 14 34 0
184600 4 395 0 0 14 34 0
184700 4 395 0 0 14 34 0
184800 4 394 0 0 14 34 0
184900 4 394 0 0 14 34 0
185000 4 397 0 0 14 34 0
185100 4 397 0 0 14 34 0
185200 4 396 0 0 14 34 0
185300 4 396 0 0 14 34 0
185400 4 396 0 0 14 34 0
185500 4 396 0 0 14 34 0
185600 4 396 0 0 14 34 0
185700 4 395 0 0 14 34 0
185800 4 395 0 0 14 34 0
185900 4 395 0 0 14 34 0
186000 4 399 0 0 14 34 0
186100 4 399 0 0 14 34 0
186200 4 397 0 0 14 34 0
186300 4 396 0 0 14 34 0
186400 4 395 0 0 14 34 0
186500 4 395 0 0 14 34 0
186600 4 395 0 0 14 34 0
186700 4 393 0 0 14 34 0
186800 4 393 0 0 14 34 0
186900 4 393 0 0 14 34 0
187000 4 393 0 0 14 34 0
187100 4 399 0 0 14 34 0
187200 4 397 0 0 15 33 0
187300 4 397 0 0 15 33 0
187400 4 396 0 0 15 33 0
187500 4 396 0 0 15 33 0
187600 4 395 0 0 15 33 0
187700 4 394 0 0 15 33 0
187800 4 394 0 0 15 33 0
187900 4 394 0 0 15 33 0
188000 4 392 0 0 15 33 0
188100 4 392 0 0 15 33 0
188200 4 398 0 0 15 33 0
188300 4 397 0 0 15 33 0
188400 4 397 0 0 15 33 0
188500 4 396 0 0 15 33 0
188600 4 394 0 0 15 33 0
188700 4 393 0 0 16 32 0
188800 4 391 0 0 16 32 0
188900 4 391 0 0 16 32 0
189000 4 391 0 0 16 32 0
189100 4 391 0 0 16 32 0
189200 4 391 0 0 16 32 0
189300 4 397 0 0 16 32 0
189400 4 397 0 0 16 32 0
189500 4 396 0 0 16 32 0
189600 4 396 0 0 16 32 0
189700 4 396 0 0 16 32 0
189800 4 395 0 0 16 32 0
189900 4 395 0 0 16 32 0
190000 4 395 0 0 16 32 0
190100 4 394 0 0 16 32 0
190200 4 393 0 0 16 32 0
190300 4 399 0 0 16 32 0
190400 4 399 0 0 16 32 0
190500 4 399 0 0 16 32 0
190600 4 397 0 0 16 32 0
190700 4 396 0 0 16 32 0
190800 4 395 0 0 16 32 0
190900 4 395 0 0 16 32 0
191000 4 394 0 0 17 31 0
191100 4 392 0 0 18 30 0
191200 4 391 0 0 18 30 0
191300 4 390 0 0 18 30 0
191400 4 395 0 0 18 30 0
191500 4 393 0 0 18 30 0
191600 4 393 0 0 18 30 0
191700 4 391 0 0 18 30 0
191800 4 391 0 0 18 30 0
191900 4 390 0 0 18 30 0
192000 4 388 0 0 18 30 0
192100 4 388 0 0 18 30 0
192200 4 387 0 0 18 30 0
192300 4 386 0 0 18 30 0
192400 4 386 0 0 18 30 0
192500 4 392 0 0 18 30 0
192600 4 392 0 0 18 30 0
192700 4 391 0 0 18 30 0
192800 4 390 0 0 18 30 0
192900 4 389 0 0 18 30 0
193000 4 389 0 0 18 30 0
193100 4 389 0 0 18 30 0
193200 4 388 0 0 18 30 0
193300 4 385 0 0 18 30 0
193400 4 384 0 0 18 30 0
193500 4 383 0 0 18 30 0
193600 4 389 0 0 18 30 0
193700 4 387 0 0 18 30 0
193800 4 386 0 0 18 30 0
193900 4 386 0 0 18 30 0
194000 4 384 0 0 18 30 0
194100 4 384 0 0 18 30 0
194200 4 383 0 0 18 30 0
194300 4 383 0 0 18 30 0
194400 4 383 0 0 18 30 0
194500 4 383 0 0 18 30 0
194600 4 388 0 0 18 30 0
194700 4 387 0 0 18 30 0
194800 4 387 0 0 18 30 0
194900 4 386 0 0 18 30 0
195000 4 386 0 0 18 30 0
195100 4 386 0 0 18 30 0
195200 4 386 0 0 18 30 0
195300 4 386 0 0 18 30 0
195400 4 386 0 0 18 30 0
195500 4 386 0 0 18 30 0
195600 4 386 0 0 18 30 0
195700 4 391 0 0 19 29 0
195800 4 388 0 0 19 29 0
195900 4 386 0 0 19 29 0
196000 4 385 0 0 19 29 0
196100 4 385 0 0 19 29 0
196200 4 385 0 0 19 29 0
196300 4 384 0 0 19 29 0
196400 4 384 0 0 19 29 0
196500 4 383 0 0 19 29 0
196600 4 382 0 0 19 29 0
196700 4 381 0 0 19 29 0
196800 4 387 0 0 19 29 0
196900 4 387 0 0 19 29 0
197000 4 386 0 0 19 29 0
197100 4 384 0 0 19 29 0
197200 4 384 0 0 19 29 0
197300 4 383 0 0 19 29 0
197400 4 383 0 0 19 29 0
197500 4 382 0 0 20 28 0
197600 4 381 0 0 20 28 0
197700 4 379 0 0 20 28 0
197800 4 379 0 0 20 28 0
197900 4 385 0 0 20 28 0
198000 4 384 0 0 20 28 0
198100 4 384 0 0 20 28 0
198200 4 384 0 0 20 28 0
198300 4 384 0 0 20 28 0
198400 4 384 0 0 20 28 0
198500 4 384 0 0 20 28 0
198600 4 384 0 0 20 28 0
198700 4 383 0 0 20 28 0
198800 4 383 0 0 20 28 0
198900 4 388 0 0 20 28 0
199000 4 387 0 0 20 28 0
199100 4 386 0 0 21 27 0
199200 4 386 0 0 21 27 0
199300 4 386 0 0 21 27 0
199400 4 386 0 0 21 27 0
199500 4 386 0 0 21 27 0
199600 4 386 0 0 21 27 0
199700 4 383 0 0 21 27 0
199800 4 382 0 0 21 27 0
199900 4 381 0 0 21 27 0
200000 4 387 0 0 21 27 0
200100 4 387 0 0 21 27 0
200200 4 386 0 0 21 27 0
200300 4 385 0 0 21 27 0
200400 4 383 0 0 21 27 0
200500 4 381 0 0 22 26 0
200600 4 381 0 0 22 26 0
200700 4 381 0 0 22 26 0
200800 4 381 0 0 22 26 0
200900 4 381 0 0 22 26 0
201000 4 381 0 0 22 26 0
201100 4 386 0 0 22 26 0
201200 4 386 0 0 22 26 0
201300 4 385 0 0 22 26 0
201400 4 385 0 0 22 26 0
201500 4 385 0 0 22 26 0
201600 4 385 0 0 22 26 0
201700 4 385 0 0 22 26 0
201800 4 385 0 0 22 26 0
201900 4 385 0 0 22 26 0
202000 4 383 0 0 23 25 0
202100 4 383 0 0 22 26 0
202200 4 389 0 0 22 26 0
202300 4 389 0 0 22 26 0
202400 4 389 0 0 22 26 0
202500 4 389 0 0 22 26 0
202600 4 389 0 0 22 26 0
202700 4 389 0 0 22 26 0
202800 4 388 0 0 22 26 0
202900 4 388 0 0 22 26 0
203000 4 388 0 0 22 26 0
203100 4 387 0 0 22 26 0
203200 4 391 0 0 22 26 0
203300 4 390 0 0 22 26 0
203400 4 390 0 0 22 26 0
203500 4 390 0 0 22 26 0
203600 4 390 0 0 22 26 0
203700 4 390 0 0 22 26 0
203800 4 390 0 0 22 26 0
203900 4 389 0 0 22 26 0
204000 4 388 0 0 22 26 0
204100 4 387 0 0 22 26 0
204200 4 387 0 0 22 26 0
204300 4 391 0 0 22 26 0
204400 4 389 0 0 22 26 0
204500 4 388 0 0 23 25 0
204600 4 388 0 0 23 25 0
204700 4 388 0 0 23 25 0
204800 4 387 0 0 23 25 0
204900 4 386 0 0 23 25 0
205000 4 384 0 0 23 25 0
205100 4 384 0 0 23 25 0
205200 4 383 0 0 23 25 0
205300 4 383 0 0 23 25 0
205400 4 389 0 0 23 25 0
205500 4 389 0 0 23 25 0
205600 4 387 0 0 23 25 0
205700 4 387 0 0 23 25 0
205800 4 387 0 0 23 25 0
205900 4 387 0 0 23 25 0
206000 4 387 0 0 23 25 0
206100 4 386 0 0 23 25 0
206200 4 385 0 0 23 25 0
206300 4 385 0 0 23 25 0
206400 4 385 0 0 23 25 0
206500 4 390 0 0 23 25 0
206600 4 390 0 0 23 25 0
206700 4 388 0 0 23 25 0
206800 4 387 0 0 23 25 0
206900 4 384 0 0 23 25 0
207000 4 382 0 0 23 25 0
207100 4 380 0 0 23 25 0
207200 4 380 0 0 23 25 0
207300 4 380 0 0 23 25 0
207400 4 379 0 0 23 25 0
207500 4 385 0 0 23 25 0
207600 4 383 0 0 23 25 0
207700 4 382 0 0 23 25 0
207800 4 382 0 0 23 25 0
207900 4 381 0 0 23 25 0
208000 4 381 0 0 23 25 0
208100 4 380 0 0 23 25 0
208200 4 380 0 0 23 25 0
208300 4 380 0 0 23 25 0
208400 4 379 0 0 23 25 0
208500 4 377 0 0 23 25 0
208600 4 383 0 0 23 25 0
208700 4 383 0 0 23 25 0
208800 4 382 0 0 23 25 0
208900 4 381 0 0 23 25 0
209000 4 381 0 0 23 25 0
209100 4 381 0 0 23 25 0
209200 4 381 0 0 23 25 0
209300 4 381 0 0 23 25 0
209400 4 378 0 0 23 25 0
209500 4 377 0 0 23 25 0
209600 4 377 0 0 23 25 0
209700 4 381 0 0 23 25 0
209800 4 380 0 0 23 25 0
209900 4 380 0 0 23 25 0
210000 4 380 0 0 23 25 0
210100 4 379 0 0 23 25 0
210200 4 379 0 0 23 25 0
210300 4 378 0 0 23 25 0
210400 4 378 0 0 23 25 0
210500 4 378 0 0 23 25 0
210600 4 377 0 0 23 25 0
210700 4 377 0 0 23 25 0
210800 4 382 0 0 23 25 0
210900 4 382 0 0 23 25 0
211000 4 381 0 0 23 25 0
211100 4 381 0 0 23 25 0
211200 4 380 0 0 23 25 0
211300 4 380 0 0 23 25 0
211400 4 378 0 0 23 25 0
211500 4 378 0 0 23 25 0
211600 4 376 0 0 23 25 0
211700 4 376 0 0 23 25 0
211800 4 380 0 0 23 25 0
211900 4 379 0 0 23 25 0
212000 4 379 0 0 23 25 0
212100 4 379 0 0 23 25 0
212200 4 377 0 0 23 25 0
212300 4 377 0 0 23 25 0
212400 4 377 0 0 23 25 0
212500 4 377 0 0 23 25 0
212600 4 377 0 0 23 25 0
212700 4 377 0 0 23 25 0
212800 4 376 0 0 23 25 0
212900 4 382 0 0 23 25 0
213000 4 381 0 0 23 25 0
213100 4 381 0 0 23 25 0
213200 4 379 0 0 23 25 0
213300 4 378 0 0 24 24 0
213400 4 376 0 0 24 24 0
213500 4 375 0 0 25 23 0
213600 4 372 0 0 25 23 0
213700 4 372 0 0 25 23 0
213800 4 372 0 0 25 23 0
213900 4 372 0 0 25 23 0
214000 4 378 0 0 25 23 0
214100 4 377 0 0 25 23 0
214200 4 376 0 0 25 23 0
214300 4 375 0 0 25 23 0
214400 4 375 0 0 25 23 0
214500 4 374 0 0 25 23 0
214600 4 374 0 0 25 23 0
214700 4 374 0 0 25 23 0
214800 4 373 0 0 25 23 0
214900 4 372 0 0 25 23 0
215000 4 370 0 0 25 23 0
215100 4 375 0 0 25 23 0
215200 4 375 0 0 25 23 0
215300 4 375 0 0 25 23 0
215400 4 374 0 0 26 22 0
215500 4 373 0 0 27 21 0
215600 4 372 0 0 27 21 0
215700 4 372 0 0 27 21 0
215800 4 372 0 0 27 21 0
215900 4 370 0 0 27 21 0
216000 4 370 0 0 27 21 0
216100 4 376 0 0 27 21 0
216200 4 376 0 0 27 21 0
216300 4 376 0 0 27 21 0
216400 4 375 0 0 27 21 0
216500 4 375 0 0 27 21 0
216600 4 374 0 0 27 21 0
216700 4 374 0 0 27 21 0
216800 4 374 0 0 27 21 0
216900 4 373 0 0 27 21 0
217000 4 373 0 0 27 21 0
217100 4 373 0 0 27 21 0
217200 4 379 0 0 27 21 0
217300 4 377 0 0 27 21 0
217400 4 375 0 0 27 21 0
217500 4 375 0 0 27 21 0
217600 4 374 0 0 27 21 0
217700 4 374 0 0 27 21 0
217800 4 374 0 0 27 21 0
217900 4 373 0 0 27 21 0
218000 4 373 0 0 27 21 0
218100 4 373 0 0 27 21 0
218200 4 372 0 0 27 21 0
218300 4 377 0 0 27 21 0
218400 4 377 0 0 27 21 0
218500 4 377 0 0 27 21 0
218600 4 377 0 0 27 21 0
218700 4 377 0 0 27 21 0
218800 4 377 0 0 27 21 0
218900 4 377 0 0 27 21 0
219000 4 374 0 0 27 21 0
219100 4 373 0 0 27 21 0
219200 4 372 0 0 27 21 0
219300 4 372 0 0 27 21 0
219400 4 376 0 0 27 21 0
219500 4 376 0 0 27 21 0
219600 4 376 0 0 27 21 0
219700 4 376 0 0 27 21 0
219800 4 376 0 0 27 21 0
219900 4 376 0 0 27 21 0
220000 4 375 0 0 27 21 0
220100 4 372 0 0 27 21 0
220200 4 372 0 0 27 21 0
220300 4 372 0 0 27 21 0
220400 4 378 0 0 27 21 0
220500 4 377 0 0 27 21 0
220600 4 377 0 0 27 21 0
220700 4 377 0 0 27 21 0
220800 4 376 0 0 27 21 0
220900 4 374 0 0 27 21 0
221000 4 373 0 0 27 21 0
221100 4 373 0 0 27 21 0
221200 4 372 0 0 27 21 0
221300 4 371 0 0 27 21 0
221400 4 370 0 0 27 21 0
221500 4 376 0 0 27 21 0
221600 4 375 0 0 27 21 0
221700 4 375 0 0 27 21 0
221800 4 375 0 0 27 21 0
221900 4 375 0 0 27 21 0
222000 4 374 0 0 27 21 0
222100 4 374 0 0 27 21 0
222200 4 371 0 0 27 21 0
222300 4 371 0 0 27 21 0
222400 4 371 0 0 27 21 0
222500 4 371 0 0 27 21 0
222600 4 377 0 0 27 21 0
222700 4 377 0 0 27 21 0
222800 4 377 0 0 27 21 0
222900 4 377 0 0 27 21 0
223000 4 377 0 0 27 21 0
223100 4 376 0 0 27 21 0
223200 4 376 0 0 27 21 0
223300 4 376 0 0 27 21 0
223400 4 375 0 0 27 21 0
223500 4 375 0 0 27 21 0
223600 4 374 0 0 27 21 0
223700 4 380 0 0 27 21 0
223800 4 380 0 0 27 21 0
223900 4 380 0 0 27 21 0
224000 4 380 0 0 27 21 0
224100 4 380 0 0 27 21 0
224200 4 380 0 0 27 21 0
224300 4 379 0 0 27 21 0
224400 4 377 0 0 27 21 0
224500 5 377 0 0 19 41 0
224600 5 375 0 0 19 41 0
224700 6 381 0 0 14 58 0
224800 6 379 0 0 15 57 0
224900 6 379 0 0 15 57 0
225000 6 379 0 0 15 57 0
225100 6 378 0 0 15 57 0
225200 6 376 0 0 15 57 0
225300 6 376 0 0 15 57 0
225400 6 374 0 0 15 57 0
225500 6 374 0 0 15 57 0
225600 6 373 0 0 16 56 0
225700 6 372 0 0 16 56 0
225800 6 377 0 0 16 56 0
225900 6 377 0 0 16 56 0
226000 6 377 0 0 16 56 0
226100 6 377 0 0 16 56 0
226200 6 376 0 0 16 56 0
226300 6 376 0 0 16 56 0
226400 6 376 0 0 16 56 0
226500 6 376 0 0 16 56 0
226600 6 376 0 0 16 56 0
226700 6 375 0 0 16 56 0
226800 6 375 0 0 16 56 0
226900 6 381 0 0 16 56 0
227000 6 378 0 0 16 56 0
227100 7 378 0 0 8 76 0
227200 7 378 0 0 8 76 0
227300 7 378 0 0 8 76 0
227400 7 378 0 0 8 76 0
227500 7 378 0 0 8 76 0
227600 7 378 0 0 8 76 0
227700 7 377 0 0 8 76 0
227800 7 377 0 0 8 76 0
227900 7 376 0 0 8 76 0
228000 7 379 0 0 9 75 0
228100 7 379 0 0 9 75 0
228200 7 377 0 0 9 75 0
228300 7 376 0 0 10 74 0
228400 7 376 0 0 10 74 0
228500 7 376 0 0 10 74 0
228600 7 375 0 0 10 74 0
228700 7 375 0 0 10 74 0
228800 7 375 0 0 10 74 0
228900 7 374 0 0 10 74 0
229000 7 380 0 0 10 74 0
229100 7 379 0 0 10 74 0
229200 7 379 0 0 10 74 0
229300 7 378 0 0 10 74 0
229400 7 377 0 0 10 74 0
229500 7 375 0 0 10 74 0
229600 7 375 0 0 10 74 0
229700 7 375 0 0 10 74 0
229800 7 374 0 0 10 74 0
229900 7 374 0 0 10 74 0
230000 7 374 0 0 10 74 0
230100 7 379 0 0 10 74 0
230200 7 379 0 0 10 74 0
230300 8 379 0 0 4 92 0
230400 8 378 0 0 4 92 0
230500 8 377 0 0 5 91 0
230600 8 374 0 0 5 91 0
230700 8 374 0 0 5 91 0
230800 8 374 0 0 5 91 0
230900 8 372 0 0 5 91 0
231000 8 372 0 0 5 91 0
231100 8 371 0 0 6 90 0
231200 8 377 0 0 6 90 0
231300 8 377 0 0 6 90 0
231400 8 377 0 0 6 90 0
231500 8 377 0 0 6 90 0
231600 8 376 0 0 6 90 0
231700 8 375 0 0 6 90 0
231800 8 374 0 0 6 90 0
231900 8 374 0 0 6 90 0
232000 8 372 0 0 6 90 0
232100 8 372 0 0 6 90 0
232200 8 372 0 0 6 90 0
232300 8 376 0 0 7 89 0
232400 8 376 0 0 7 89 0
232500 8 376 0 0 7 89 0
232600 8 376 0 0 7 89 0
232700 8 376 0 0 7 89 0
232800 8 375 0 0 7 89 0
232900 8 375 0 0 7 89 0
233000 8 375 0 0 7 89 0
233100 8 375 0 0 7 89 0
233200 8 375 0 0 7 89 0
233300 8 380 0 0 7 89 0
233400 8 380 0 0 7 89 0
233500 8 380 0 0 7 89 0
233600 8 378 0 0 7 89 0
233700 8 378 0 0 7 89 0
233800 8 378 0 0 7 89 0
233900 8 376 0 0 7 89 0
234000 8 375 0 0 7 89 0
234100 8 373 0 0 7 89 0
234200 8 373 0 0 7 89 0
234300 8 373 0 0 7 89 0
234400 8 378 0 0 7 89 0
234500 8 377 0 0 7 89 0
234600 8 376 0 0 7 89 0
234700 8 375 0 0 7 89 0
234800 8 375 0 0 7 89 0
234900 8 374 0 0 7 89 0
235000 8 371 0 0 7 89 0
235100 8 371 0 0 7 89 0
235200 8 369 0 0 7 89 0
235300 8 369 0 0 7 89 0
235400 8 369 0 0 7 89 0
235500 8 375 0 0 7 89 0
235600 8 375 0 0 7 89 0
235700 8 375 0 0 7 89 0
235800 8 373 0 0 7 89 0
235900 8 373 0 0 7 89 0
236000 8 371 0 0 7 89 0
236100 8 371 0 0 7 89 0
236200 8 370 0 0 7 89 0
236300 8 370 0 0 7 89 0
236400 8 369 0 0 8 88 0
236500 8 369 0 0 8 88 0
236600 8 375 0 0 8 88 0
236700 8 375 0 0 8 88 0
236800 8 375 0 0 8 88 0
236900 8 375 0 0 8 88 0
237000 8 373 0 0 8 88 0
237100 8 371 0 0 8 88 0
237200 8 371 0 0 8 88 0
237300 8 370 0 0 8 88 0
237400 8 370 0 0 8 88 0
237500 8 369 0 0 8 88 0
237600 8 375 0 0 8 88 0
237700 8 374 0 0 8 88 0
237800 8 374 0 0 8 88 0
237900 8 373 0 0 8 88 0
238000 8 373 0 0 8 88 0
238100 8 372 0 0 8 88 0
238200 8 372 0 0 8 88 0
238300 8 372 0 0 8 88 0
238400 8 371 0 0 8 88 0
238500 8 370 0 0 8 88 0
238600 8 370 0 0 8 88 0
238700 8 376 0 0 8 88 0
238800 8 375 0 0 9 87 0
238900 8 375 0 0 9 87 0
239000 8 373 0 0 9 87 0
239100 8 373 0 0 9 87 0
239200 8 371 0 0 9 87 0
239300 8 371 0 0 9 87 0
239400 8 370 0 0 9 87 0
239500 8 368 0 0 9 87 0
239600 8 368 0 0 9 87 0
239700 8 368 0 0 9 87 0
239800 8 374 0 0 9 87 0
239900 8 374 0 0 9 87 0
240000 8 374 0 0 9 87 0
240100 8 374 0 0 9 87 0
240200 8 373 0 0 9 87 0
240300 8 373 0 0 9 87 0
240400 8 372 0 0 9 87 0
240500 8 371 0 0 10 86 0
240600 8 371 0 0 10 86 0
240700 8 370 0 0 10 86 0
240800 8 370 0 0 10 86 0
240900 8 375 0 0 10 86 0
241000 8 373 0 0 10 86 0
241100 8 373 0 0 10 86 0
